#ifndef RealBEmHhIncluded
#define RealBEmHhIncluded


#include "emodel.hpp"


class RealBEm: public Emodel
{
	private:
		Dim mAlpha;

	public:
		virtual Typ Type(Ltr const theLtr) const;
		virtual Eng Level(Typ const Typ1, Typ const Typ2) const;
		virtual Eng Level(Conf const & conf, Pos const pos1, Pos const pos2) const;
        virtual Eng Level(Pos const pos1, Point const point1, Pos const pos2, Point const point2) const;

		RealBEm();
		RealBEm(Dim const Alpha);
		RealBEm(RealBEm const & that);
		RealBEm const & operator = (RealBEm const & that);
		~RealBEm();
};


inline RealBEm::RealBEm() : Emodel(20), mAlpha(20)
{
	//	nothing to be done.
}


inline RealBEm::RealBEm(Dim const Alpha) : Emodel(20), mAlpha(Alpha)
{
	Warn(!mAlpha, eEmptyAlpha);
}


inline RealBEm::RealBEm(RealBEm const & that) : Emodel(that), mAlpha(that.mAlpha)
{
	//	nothing to be done.
}


inline RealBEm const & RealBEm::operator = (RealBEm const & that)
{
	Emodel::operator=(that);
	mAlpha = that.mAlpha;
	return *this;
}


inline RealBEm::~RealBEm()
{
	//	nothing to be done.
}

const R RealB[20][20]=
{
{ -3477, -2240, -2424, -2410, -2343, -2258, -2080, -1892, -1700, -1101, -1243, -1306, -835, -788, -179, -616, -1499, -771, -112, -1196 },
{ -2240, -1901, -2304, -2286, -2208, -2079, -2090, -1834, -1517, -897, -999, -893, -720, -658, -209, -409, -1252, -611, -146, -788 },
{ -2424, -2304, -2467, -2530, -2491, -2391, -2286, -1963, -1750, -1034, -1237, -1178, -807, -790, -419, -482, -1330, -805, -270, -1076 },
{ -2410, -2286, -2530, -2691, -2647, -2568, -2303, -1998, -1872, -885, -1360, -1037, -778, -669, -439, -402, -1234, -854, -253, -991 },
{ -2343, -2208, -2491, -2647, -2501, -2447, -2222, -1919, -1728, -767, -1202, -959, -729, -524, -366, -291, -1176, -758, -222, -771 },
{ -2258, -2079, -2391, -2568, -2447, -2385, -2097, -1790, -1731, -756, -1240, -933, -642, -673, -335, -298, -1118, -664, -200, -886 },
{ -2080, -2090, -2286, -2303, -2222, -2097, -1867, -1834, -1565, -1142, -1077, -1145, -997, -884, -624, -613, -1383, -912, -391, -1278 },
{ -1892, -1834, -1963, -1998, -1919, -1790, -1834, -1335, -1318, -818, -892, -859, -687, -670, -453, -631, -1222, -745, -349, -1067 },
{ -1700, -1517, -1750, -1872, -1728, -1731, -1565, -1318, -1119, -290, -717, -607, -323, -371, -39, -235, -646, -327, 196, -374 },
{ -1101, -897, -1034, -885, -767, -756, -1142, -818, -290, 219, -311, -261, 33, -230, 443, -97, -325, -50, 589, -42 },
{ -1243, -999, -1237, -1360, -1202, -1240, -1077, -892, -717, -311, -617, -548, -342, -463, -192, -382, -720, -247, 155, -222 },
{ -1306, -893, -1178, -1037, -959, -933, -1145, -859, -607, -261, -548, -519, -260, -423, -161, -521, -639, -264, 223, -199 },
{ -835, -720, -807, -778, -729, -642, -997, -687, -323, 33, -342, -260, 54, -253, 179, 22, -290, -42, 334, -35 },
{ -788, -658, -790, -669, -524, -673, -884, -670, -371, -230, -463, -423, -253, -367, 160, -344, -455, -114, 271, -18 },
{ -179, -209, -419, -439, -366, -335, -624, -453, -39, 443, -192, -161, 179, 160, 933, 634, -324, -374, -57, 257 },
{ -616, -409, -482, -402, -291, -298, -613, -631, -235, -97, -382, -521, 22, -344, 634, 179, -664, -584, -176, 189 },
{ -1499, -1252, -1330, -1234, -1176, -1118, -1383, -1222, -646, -325, -720, -639, -290, -455, -324, -664, -1078, -307, 388, -346 },
{ -771, -611, -805, -854, -758, -664, -912, -745, -327, -50, -247, -264, -42, -114, -374, -584, -307, 200, 815, -23 },
{ -112, -146, -270, -253, -222, -200, -391, -349, 196, 589, 155, 223, 334, 271, -57, -176, 388, 815, 1339, 661 },
{ -1196, -788, -1076, -991, -771, -886, -1278, -1067, -374, -42, -222, -199, -35, -18, 257, 189, -346, -23, 661, 129 }
};

const int realType[]={8,-1,0,15,14,2,9,16,3,-1,18,4,1,13,-1,19,12,17,11,10,-1,5,6,-1,7,-1};
const int realhp[]={0,1,1,1,1,1,1,1,1,1,0,0,0,0,0,0,0,0,0,1};


#endif //RealBEmHhIncluded


